2.25
4.10
5.85
6.0
6.25
7.70
9.45
11.05
12.85
13
14.60
16.25
18.05
19.90
21.65
23.50
25.25
26.10
26.35
26.95
26.85
28.65
30.40
32.05
33
33.50
33.75
33.85
35.70
37.45
38.20
38.55
39.30
41.05
42.65
44.45
46.20
47.85
49.65
51.50
53.25
55.10
56.85
58.45
60.25
62.00
63.65
65.45
67.30
69.05
70.90
72.65
74.25
76.05
77.80
79.45
81.25
83.10
84.85
86.70
88.45
90.05
91.85
93.60
95.25
97.05
98.90
100.65
102.50
104.25
105.85
107.70
109.45
111.10
112.90
114.65
116.30
118.10
119.95
121.70
123.55
125.30
126.90
128.70
130.45
132.10
133.90
135.75
137.50
139.35
141.10
142.70
144.50
146.25
147.90
149.70
151.55
153.30
155.15
156.90
158.50
160.30
162.05
163.70
165.50
167.35
169.10
170.95
172.70
174.30
176.10
177.85
179.50
181.30
183.15
184.90
186.75
188.50
190.10
191.90
193.65