3.455
4.095
4.741
5.400
6.015
6.630
7.246
7.881
8.193
8.526
9.174
9.778
10.422
11.061
11.367
12.007
12.603
12.752
12.932
13.274
13.585
14.209
14.848
15.465
16.110
16.749
17.359
17.998
18.659
19.266
19.898
20.491
20.640
20.829
21.163
21.774
22.418
23.057
23.209
23.387
23.704
24.316
24.937
25.558
26.215
26.852
27.472
28.096
28.724
29.361
29.972
30.632
31.268
31.702
31.850
32.021
33.136
33.812
34.423
35.041
35.655
35.820
36.353
36.970
37.584
38.196
38.348
38.842
39.457
40.073
40.677
40.841
41.365
41.964
42.581
43.026
43.169
43.321
43.530
43.868
44.545
45.180
45.776
46.409
47.053
47.680
48.281
48.942
49.562
50.197
50.829
51.481
52.105
52.782
53.345
54.015
54.632
55.238
55.843
56.510
57.144
57.793
58.105
58.410
59.044
59.690
60.311
60.633
60.923
61.598
62.223
62.801
63.139
63.453
64.658
64.806
64.960
65.101
65.265
65.947
66.595
67.250
67.881
68.558
69.173
69.794
70.431
70.845
71.027
71.650
72.303
72.964
73.514
73.679
74.245
74.876
75.495
76.104
76.788
77.365
78.037
78.644
79.277
79.897
80.567
81.149
81.773
82.398
83.078
83.503
83.661
83.831
84.698
84.878
85.239
85.581
86.205
86.860
87.467
88.117
88.741
89.373
89.973
90.658
91.279
91.893
92.506
93.182
93.805
94.419
94.911
95.060
95.217
95.370
95.700
96.334
96.928
97.550
98.222
98.838
99.466
100.092
100.732
101.150
101.467
102.009
102.629
103.261
103.705
103.853
104.016
104.569
105.154
105.781
106.415
107.032
107.699
108.354
108.941
109.568
110.193
110.818
111.154
111.306
111.446
111.587
111.932
112.409
112.728
113.345
113.637
113.789
113.936
114.099
114.445
114.761
114.927
115.258
115.898
116.498
117.114
117.446
117.779
118.409
119.009
119.674
120.147
120.297
120.449
120.607
120.934
121.235
121.394
121.556
121.708
122.085
122.414
122.725
122.896
123.180
123.460
123.772
123.908
124.055
124.217
125.198
125.352
125.489
125.649
125.998
126.461
126.623
127.266
127.696
127.854
128.498
129.141
129.775
130.388
131.053
131.453
131.610
131.765
132.280
132.912
133.534
133.985
134.150
134.304
134.826
135.465
135.615
135.786
136.129
136.727
137.383
137.857
138.009
138.158
138.317
138.644
139.233
139.851
140.364
140.522
140.672
140.832
141.167
141.753
142.352
142.842
143.016
143.623
144.332
144.795
144.949
145.090
145.232
145.376
145.527
145.675
145.848
146.179
146.850
147.428
147.891
148.056
148.381
148.714
149.016
149.165
149.314
149.668
149.956
150.109
150.563
150.704
150.868
151.222
151.701
151.851
152.182
152.497
153.118
153.431
153.770
154.396
154.998
155.645
155.804
155.969
156.279
156.911
157.505
158.176
159.410
160.044
160.722
161.985
162.760
163.066
163.239
163.902
164.669
164.836
165.119
165.281
165.424
165.565
165.715
166.081
168.925
169.095
169.253
169.912
170.067
170.216
170.509
170.659
170.808
172.646