2
4
6
6.75
7
7.25
8
10
12
12.75
13
13.25
14
15.75
16
18
18.25
19
19.75
20
22
24
24.25
24.75
24.50
25.25
25.75
26
28
30
31
32
34
35
35.25
35.50
36
38
38.25
38.50
39
39.75
40
41
42
44
45
46
45.75
47
47.5
48
50
51
51.25
51.50
51.75
52
53
53.75
54
54.25
55
56
56.25
56.50
56.75
58
60
61
61.25
62
64
65
66
66.25
66.50
66.75
68
70
71
71.25
71.75
72
74
75
75.25
75.50
75.75
76
78
80
80.25
80.50
80.75
81
81.25
81.75
82
83.25
84
86
88
90
91.75
92
94
96
98
100
102
104
105
106
106.25
106.50
106.75
108
110
112
114