2
3
4
5
6
7
8
9
10
10.5
11
12
13
14
14.5
16
17
18
19
20
20.5
21
22
23
24.5
24.75
25
26
27
27.5
27.75
28
30
30.5
31
32
32.25
32.5
32.75
33
35
35.5
36
37
38
38.5
40
41
42
43
44
44.5
46
46.5
47
48
49
50
51
52
53
54
55
55.5
56
57
58
59
60
60.5
61
62
63
64
65
65.5
66
67.5
68
69
70
70.25
70.5
70.75
71
72
73
74
75
76
77
77.5
78
79
80
81
82
82.5
83
84
85
86
87
88
88.5
89
90
91
92
93
94
95
96
97
97.25
97.5
97.75
98
99
100
101
102
103
104
104.25
104.5
104.75
105
106
107
108
109
109.5
110
111
112
113
114
115
116
116.5
117
118
119
120
121
122
123
124
125
126
127
128
129
130
131
132